$ANSIBLE_VAULT;1.1;AES256
30326565333464646238643964363637306534626639633739613462333332363963356463393130
3863386664393637353036373164623738313632333238620a383764366466646630313530333931
33363362323861643830616365366633333230336265636434656138303331633230353038383961
6338363136333834630a316335613066366661353666333839363766343630613766326332656637
36303666616535663136336636623233623039343831346334616433656366336365656263313661
65333964306538383638653836656531376265303963323639376664333661313362303961353861
33346262626238366336353763323962343439636631663334653935643630326131346665373737
62353839636162653462366238343066633465363037363033623334383834636235323262313238
61313338653366653737636664333532613335326235353936346633376461353065653339393762
38643238616237363965653165633065333662336435383366393532616331346236396131306263
61656136366538636234353232636564656466323063383238363965623631383162333961306539
65386338623834626263393565396133636661623532323338636238353335363261633066666234
34636239366265326666333834373234383932336262623731346332653837616637333734643361
36356134666264636238373463343731346530333936356335383561326261653731343734623935
63356139396532313766363134313138643663343964626632353535626630363063636433333736
31376531363738323633653436616133343738343034386230643561623536656665376362343730
66636533626537656261633237656331326432643832643262353032643064623664343235393461
31363531383533343339616236353435633037616465646162393733623437393564613230616131
34373732646533613332333834666265323132333337373236313466323238313035323235663133
30656335393238306361393262623965616264633839613632626637623233393464333835373665
64633563356435333761356636633030366430386537343963316432366137303865326334643662
66376535386562663130373230383666333865613061303761313533376531626365313661326230
39356133383534353739653463343131383238393539326366323566306664376161616632363339
39643931386363383962386265333433376234353039666238346134343065656362633631346438
30323332666163333464383531646636613033323738316539663132303331306564326138646363
62643463396439646536663238623535326637643235353831326461653336643665643534303136
61323762373038383433643061393237333961336363313533383931316238666139356530383931
65346237303864333439653436386439663734353338373134666165336466373432613733383831
64633630323262646233653566623465633631303838623439386538346362613333313735303861
38633130326664363162393739363235626165356165303336383563623732646532303937346139
30613065313337343637393035346534343065616533666133393431666466393330666562613731
36343435646130646138363161336238653466303365346130646533613664303537353431633733
62646264613339373638633266343462383936383636663163383365653564633066646434303665
64653465333639633130636264323762343132633337643165613363666262646533653262343138
38353934663966373962653536396130376561646461646636336466663562383639623232393061
65303666383037366439386139383134366563663135613538353037333034333631633035366539
39396435353963376530386562343865303533626462316438356566383032646261353166333663
32316661663261356232633162376439393632616533333032633466376137313130386134396230
35333563666630303961663633663430346563333766626461653230386464383138623838313634
34633966653465376661633733663762323338633135306165363032643936323565383361366634
31663765653763646234646139376639653061363131396432363531653661646534313731636565
33633064373834306136396637326134333465346163636365613366316233646665636531366532
32636635376431326538666532663633656565646163393135303533393632633234376662623538
39376232326363306232306639636437356230323362363066346435383434613337353532386566
35313139313866306662353236303538393764396432396430333564356534323964306662653138
63373961373039666333373432353361396139393330353933616432333863386263366332393839
33663762303931366436333238636532653730333434613932613565353436623631643235316432
35306430623463303266323462353238633965636432393139383532643834613461666263386435
35323639653336613433353863653139343332343033393962393034333962386363343332633263
38393932333638616139333536643031633430386435373262333838313361393937373735633264
63303231363565346439393233356237663638623836666538326636326234646331306136653066
30313332303633396566653735613366336464643532303135306333376165633039653864666365
36333539383063636333333637336230653737346532313861613566643238316336623061313566
30343638333263303638613737333661656364343764653736653335656138393661653539333134
36656134336434326465316533333439386366333630346565656434316539303233383961363965
33313531356565356463346336343038613231316162633836366439663630363430353134323039
38373364353737363562333831353031343037656537363336363932303232313061313530326432
64663235383433313336396238326563613162393535346264626563316161336662353332333834
65366632633165653164303563303531663339343135643336326231343263333631343736383132
32323661366266303863303365613335366531373434656639616437363065363230306439356132
62373465613565663437393538666134373031623539643961303735353038666266373431656666
31636436323364363062353038343532373133336433613339393438613731376533626335623537
38383066363036383430316239333933653665333536356434613939663165316262613432626138
39343966373336396538333962396261633463616462623761356566346231613733363437373039
38373939356636346563323937623531353433336466316163393435333165646337383132646134
33626634363531353761346361626161373636353334326236313633376137393430613636326338
63636334336366363037343139303131373565346361366163323532383931616565373434313537
66343132363435353436653632376332656630633734633331613233373339323834333132333332
66623236613666643434343331626438386564653562373234373764323439623237383130353336
36643038666466666365303430393966346566636365626138663930356633653436346235623562
64346332333832613233346438623264626632663832356230333662356636363337613738393965
64303466626365396539616238633734316162343436386135386533303462323135643538306239
66346130643034626534326230623135633736383261373662626133316361343239336663626330
62323932663864333637613065636132363266366534343365386565363864396664663961333036
32663931353262373963666338613435356632353835613364393036353836613730343537663063
61326361316665393461303139333432363031363337636630303964653063636635623665616134
38326464646261376566353137316230396263393066373235366564613837316133313537363538
30623436643564323930626630383030653762666134383563393363303536353962663730346630
63633633356432376432383032316664323831633838373763333162616531366565653538613630
62303935306430376233613537666531343265623065303266343231313461343061663038346239
31386638326239346338363330366366326230363864306435633735646635373265363437613333
37613865333765396361663164376639376230343862333331613836626135616561393938613339
31626264623538366563383935373533376666353032333433366166336337323431313235343065
31616434363961613362333234386265656339636164343535313563313836386630383762343035
34356538346636643264363166346465663037303132616632383732313535616564366331393435
62616631636665343866373230636262333533393663353661633365633935323532353862376538
61646536623538336636393130666233336364326633613433646432316264316665373038333536
62336539616563323233386133616364366534303264343133376161633061366431333339333834
36623235646464656462653930353861313133356563373539643931343634643961346165356137
63633238336666653837356663373534393766623731393164616364316232633965343335383933
32633566383331363532663137393062313832333562313038396630623561623433326133393065
39663830663737313937323637313733313533613263386365343039356431346135663135363461
66336461393561326339306535353331336333353864373765623865633962636435666538363063
66353339393336626565393130373265343038393530363466383564303866356666623833373636
64343939396232343666313436366632363764666233616431656235613034653063363733666161
65653965383931393539353934356132373035313234646332616630313264366361326561663934
63376233303537616461616238626337316565636637663663366262383536313833616138313433
36316639613663356665356439613666393361306564656630663134386533383131616232623334
61383535323037636137653261396435663063313134373061613137633062633834326466363165
37376439386330663036383631343934623832343938346332613366333264363737366635366165
36643165646633303936633239393836383964633535306365326463636663313638316439336166
30653533363037623461356561393064333361306232343336653766356537313066313662323735
62306138326236346633336632333937643037636234383237656536383161653031303539326430
64336630343132663838363762613032353261336635336432666338643963633233613564396431
62313262616530316333303535613930316335353037363065646362393234303630363738373335
62323232393732363238643536313536393136343466373836303364326332376463666133356438
36623838643361306636376465366333633138333331333861373832316533326130623339633733
33646464353237383865356333626165393035623938323632363038396566616437336630613466
66353530633437613766616631303032623638396435333863363262396562626633376266636435
32643533386530346233303339643333646135613431393361636561323966383331313539666263
31303931393135313732353935376561363538373531363936383266623266333930393763346439
33393336333536666266633934373162656534373661656134336661623532343937373436313233
61356530613764643166653263366335383635386465303339613564366237303839336530383665
64306366663736383638653764663833333061643237393462343635306564353734646236316634
33383838326161623430333034303538316134616531343761636437653139633234633563326630
33613561313237636165373466333239323033373936376238303266396634356536313739376132
38663364323763633261653563393938636431623034626237313265623233336234333766633230
64393035333134313139653339633761346665316535333864383334393835306666343764313639
64336263653032636138383561666437313363343031376434346236363264373939373066356239
39623063643433353433653264393735376438393339356630333730636633633437316462636138
64353231326334396636626538616134623062303339356466326364633962323366636563663763
35653736666633356236356631323139323139633037373232623566663762643161343333343731
37353432626661383937306434383830663738366366373166643761303330353231386566616432
64633032613333646564656237303962396536363666356364316263336137333462663831333462
65343133306639373139346266663861306162643332303734646336666633653432363264323032
35383733656339323362316362313835626566666361326532373833643466623666373438366462
61326537396335326539326163393431623161376430366261346164613736373938343362643439
65356531626564643232333135643066366265613932363235663030353063333938343032393465
38343230636362623233646465646466626532643732663731333838623866316336313866636361
34323838626663383532353163643930353361303636646530663662333466306365633434363237
32613233313836373864636462313935333734306361303734623037323964626332323164316363
63333466306537626339363732636533363763313363373339363062326161336466366664353534
30636235366434326562353034656133336530346133353135626563613334613336376633326435
36346562306237643466636334393266616235663231363931646665663931633638656639653233
33366233303139653635376438663635343463656434346234346266306166616262333664663831
30623863616234663563366339613738656333653132303662356362366633313632656135313461
35333539316635626663366164663230646263646431653138383261626235336136333137386434
34386635383531396665613439663739636564633235323961393938623936326636373936366130
38396338643361353833643539356633616462323665616133643730393266316336366161666235
35613432643963383531323239623939303937613966633465616137393563333838323833383937
63316162343933306237303634313962393166353437306335306231346136353431393335643661
38663934393462613633626630666266373633616662646564616234313931356237343337623662
35343832626130623136663661653634323534613663343161363536663738323636303065633662
32326662313830303738633431396163653630373336346364376435306166323336303931353733
32663831343664303665323661663863323563623038633265376166326234663039373533303230
61396537383765393430323039636633386262643230613239373534613136666231616336643432
34623664353962643364346334353038336131386430643963376464393932376638376230386330
37616132376437303732333163313635623531363636336461396538643533303464653065373938
65333363633030303337656537656338663435393131313238613532366437623834663666306539
64663031646538343532373866653930643136313031656437303130613830353234636434353764
31323539393131366239306637386139643536396331393336303137363665303235316362353237
37383663393738313763363363313635386535346631663261383634386239623662313536313737
35353264663963343666616433363565656239636137373161366263323339663130626462626339
31373864656366366236363361333166363538633466636662316431303361306631306531383436
64346136626235323637333962356264303736313965313037616535303363646331396133333134
32336630643735333430356231366234663335636236626535653538393561643163353730623561
34326331346630393236333830623266646331393939643830343062386363306664323565356336
38343839633230633766666634313932656365653733316336636662623630393966306264636235
62366234346263613833643761353763346435656163333863343335393437663561373763663338
31653965333131613330356532313166613662386433303736333462623238643138616462623963
33666138353335663337383539656364653230333633336163643661396334303965393634323139
66636332396239326131363839623562633161393065303835353838313031343061363430346233
32663362663632386563643234303733386538386166663535386238313139343732326264306165
35326131343562316130656361663862326539356365303233326462613561613531323533393437
36366339353362653461356361376139363562323334393133336138356239353361643633643035
3636613166313336336461646631313637333638333731623231
